{
    "pass2_1368.jpg": {
        "R": [
            [
                -0.995801841178356,
                0.052756723099278216,
                -0.07480254857705132
            ],
            [
                0.08687055280914559,
                0.2871415105929839,
                -0.9539409100929747
            ],
            [
                -0.028847879652228972,
                -0.9564342533923623,
                -0.2905190506272609
            ]
        ],
        "T": [
            37.22221529351437,
            -0.17895639081422318,
            -5.718111319696736
        ]
    },
    "pass2_1369.jpg": {
        "R": [
            [
                -0.9966342136472495,
                0.03259861264284074,
                -0.07521685078153598
            ],
            [
                0.08163344865425294,
                0.3107302439253281,
                -0.9469861116040298
            ],
            [
                -0.007498283039688018,
                -0.9499389695995571,
                -0.312345529482317
            ]
        ],
        "T": [
            37.244999193824256,
            0.8343593005793367,
            -6.033153091098019
        ]
    },
    "pass2_1370.jpg": {
        "R": [
            [
                -0.9941912746993669,
                0.025044408330422055,
                -0.10467323881025312
            ],
            [
                0.10725994350528893,
                0.31087586047503424,
                -0.9443788984793919
            ],
            [
                0.008888972431694127,
                -0.9501205065597134,
                -0.31175632982158163
            ]
        ],
        "T": [
            37.42361196902346,
            1.1875659677179897,
            -5.3295134635194605
        ]
    },
    "pass2_1371.jpg": {
        "R": [
            [
                -0.9916948479329589,
                0.02729207226769266,
                -0.1256840139976502
            ],
            [
                0.1280610517596314,
                0.2999829359121733,
                -0.9453097932338004
            ],
            [
                0.01190359632394733,
                -0.9535540786724412,
                -0.3009865834912061
            ]
        ],
        "T": [
            37.510845693218165,
            1.0688463502971233,
            -4.972856676585831
        ]
    },
    "pass2_1372.jpg": {
        "R": [
            [
                -0.9948109744206294,
                0.03744087612581149,
                -0.09460077149373236
            ],
            [
                0.10148783454361596,
                0.2996981364812922,
                -0.9486207073584723
            ],
            [
                -0.007165515468224103,
                -0.9532991176879229,
                -0.30194278862642543
            ]
        ],
        "T": [
            37.33491829084391,
            0.7723523422535423,
            -6.561742403986583
        ]
    },
    "pass2_1373.jpg": {
        "R": [
            [
                -0.9986595134683621,
                0.025370981505698928,
                -0.04511639897611764
            ],
            [
                0.0506383762616814,
                0.29835619138729963,
                -0.9531103492830437
            ],
            [
                -0.010720588076926017,
                -0.9541173388835897,
                -0.2992409942387281
            ]
        ],
        "T": [
            36.93186419125032,
            1.2624197198215634,
            -8.831638374334899
        ]
    },
    "pass2_1374.jpg": {
        "R": [
            [
                -0.9998578030397883,
                0.009676482647933977,
                -0.013810842987001505
            ],
            [
                0.016029091823120987,
                0.29093769250920254,
                -0.9566077186039983
            ],
            [
                -0.005238503199706181,
                -0.9566930671646914,
                -0.29105142728260525
            ]
        ],
        "T": [
            36.59883757141954,
            1.8412615938412484,
            -10.41657092121969
        ]
    },
    "pass2_1375.jpg": {
        "R": [
            [
                -0.9973863709348638,
                0.006699656720630373,
                -0.07194123764022806
            ],
            [
                0.07079145886170721,
                0.28983689991037953,
                -0.9544543681091159
            ],
            [
                0.014456708671522364,
                -0.9570526035961483,
                -0.28955365223775087
            ]
        ],
        "T": [
            37.15499792420397,
            1.990743922075485,
            -8.67206291800974
        ]
    },
    "pass2_1376.jpg": {
        "R": [
            [
                -0.9992212148233394,
                0.005065213689709469,
                0.0391319237611424
            ],
            [
                -0.03578290982531177,
                0.30164191833908016,
                -0.9527495664995883
            ],
            [
                -0.016629708698708102,
                -0.9534078333593644,
                -0.30122575599971346
            ]
        ],
        "T": [
            35.92963747462922,
            2.2534504183872195,
            -13.116909068766612
        ]
    },
    "pass2_1377.jpg": {
        "R": [
            [
                -0.9996472948198429,
                -0.0058892394691281765,
                -0.02589600003563109
            ],
            [
                0.023036343781468578,
                0.2928939879936111,
                -0.9558673750381798
            ],
            [
                0.013214114595845481,
                -0.9561267848228464,
                -0.2926550162217868
            ]
        ],
        "T": [
            36.6735766925878,
            2.6182250555123874,
            -11.195562155113908
        ]
    },
    "pass2_1378.jpg": {
        "R": [
            [
                -0.99749623074145,
                -0.023101357359234465,
                -0.06684008486500617
            ],
            [
                0.05818385736313468,
                0.26915191462563337,
                -0.9613385905058126
            ],
            [
                0.040198363137653764,
                -0.9628206344597715,
                -0.26713389425442935
            ]
        ],
        "T": [
            37.04669289632109,
            3.000855828248405,
            -10.186490072989853
        ]
    },
    "pass2_1379.jpg": {
        "R": [
            [
                -0.9957700256965295,
                0.014033558778571951,
                -0.09080261643995477
            ],
            [
                0.09123583178656511,
                0.2679022999148729,
                -0.9591164583607849
            ],
            [
                0.0108664125886501,
                -0.9633438726271787,
                -0.26804944347848103
            ]
        ],
        "T": [
            37.344748179092264,
            1.7010320417086313,
            -9.737079037698077
        ]
    },
    "pass2_1380.jpg": {
        "R": [
            [
                -0.9960106685114088,
                0.009840008978714516,
                -0.08869003571290035
            ],
            [
                0.08816419482996776,
                0.26197157197853493,
                -0.9610400461089427
            ],
            [
                0.013777625391924703,
                -0.9650254243792721,
                -0.2617940170060534
            ]
        ],
        "T": [
            37.311311467481985,
            1.8348114068593888,
            -10.289858771119325
        ]
    },
    "pass2_1381.jpg": {
        "R": [
            [
                -0.9952931485935441,
                0.011357508968955522,
                -0.09624217034527768
            ],
            [
                0.09578834735326483,
                0.26595431197877495,
                -0.9592147290629074
            ],
            [
                0.014701730309036175,
                -0.96391872630939,
                -0.26579042156557076
            ]
        ],
        "T": [
            37.382116994585246,
            1.9049315921993468,
            -10.473372795550786
        ]
    },
    "pass2_1382.jpg": {
        "R": [
            [
                -0.9939660870207933,
                -0.016238796991796887,
                -0.10847911930336142
            ],
            [
                0.09905540441521599,
                0.2918794083178876,
                -0.9513119561196202
            ],
            [
                0.047110982888406386,
                -0.9563172655935159,
                -0.2885096927644364
            ]
        ],
        "T": [
            37.41999331277905,
            3.339783935162606,
            -10.388819053817508
        ]
    },
    "pass2_1383.jpg": {
        "R": [
            [
                -0.9922297416823045,
                -0.02402728432005123,
                -0.12207714499148213
            ],
            [
                0.11030750494615048,
                0.283987063460884,
                -0.9524618638766693
            ],
            [
                0.05755340192919024,
                -0.9585270144315534,
                -0.27913002083493266
            ]
        ],
        "T": [
            37.54625676728325,
            3.5668804563681626,
            -10.30426020985983
        ]
    },
    "pass2_1384.jpg": {
        "R": [
            [
                -0.9954504529262633,
                0.015484596089554575,
                -0.09401395137340507
            ],
            [
                0.09438033875128479,
                0.2955672202195402,
                -0.9506483945123385
            ],
            [
                0.013067035857085268,
                -0.9551964434689011,
                -0.29568396466205693
            ]
        ],
        "T": [
            37.35253308491218,
            2.3904611979281722,
            -11.743634533834006
        ]
    },
    "pass2_1385.jpg": {
        "R": [
            [
                -0.9951427894440065,
                0.02589695475558853,
                -0.09497460898571636
            ],
            [
                0.09841798720352499,
                0.2830375018719752,
                -0.954045948751358
            ],
            [
                0.0021744912990183662,
                -0.9587591565499956,
                -0.2842114552918866
            ]
        ],
        "T": [
            37.411198960573834,
            1.8869690373346641,
            -12.186132534107427
        ]
    },
    "pass2_1386.jpg": {
        "R": [
            [
                -0.9963948469223541,
                0.016338110687978274,
                -0.08324887486162667
            ],
            [
                0.08411628500440889,
                0.3178902243570372,
                -0.9443888266256065
            ],
            [
                0.011034474325334359,
                -0.9479867464249593,
                -0.31811848261140685
            ]
        ],
        "T": [
            37.24658638160599,
            2.888312590542261,
            -12.986388278506855
        ]
    },
    "pass2_1387.jpg": {
        "R": [
            [
                -0.9887062320803625,
                0.00030181972478293684,
                -0.1498662588787299
            ],
            [
                0.1429259209988825,
                0.30269641246154877,
                -0.9423094305956665
            ],
            [
                0.04507957133862253,
                -0.9530869796549326,
                -0.29932096729124147
            ]
        ],
        "T": [
            38.00003485643134,
            3.2882126252171284,
            -10.970572776664163
        ]
    },
    "pass2_1388.jpg": {
        "R": [
            [
                -0.9958946231033298,
                0.0032137000376580432,
                -0.09046309637606251
            ],
            [
                0.08751560947236348,
                0.2895264838432,
                -0.9531607593958503
            ],
            [
                0.023128289442965293,
                -0.9571646082495221,
                -0.2886191174229129
            ]
        ],
        "T": [
            37.276644853847046,
            3.036148482062718,
            -13.698823045393215
        ]
    },
    "pass2_1389.jpg": {
        "R": [
            [
                -0.9957444069192967,
                0.0026784428931652046,
                -0.09211895588100383
            ],
            [
                0.08848235703687105,
                0.307266047602076,
                -0.9475011601492627
            ],
            [
                0.02576719973411848,
                -0.9516198831122997,
                -0.3061954432763415
            ]
        ],
        "T": [
            37.25842380088962,
            3.432612941966395,
            -14.00948198803745
        ]
    },
    "pass2_1390.jpg": {
        "R": [
            [
                -0.9965630815863841,
                0.000914547589177965,
                -0.08283228852179006
            ],
            [
                0.079670462895092,
                0.284423626899178,
                -0.9553825505019437
            ],
            [
                0.022685717117422427,
                -0.9586982653912671,
                -0.2835189485283901
            ]
        ],
        "T": [
            37.116034957165,
            3.1460193715524642,
            -14.865010854709674
        ]
    },
    "pass2_1391.jpg": {
        "R": [
            [
                -0.9960989703100922,
                0.003181150030337039,
                -0.08818572237986763
            ],
            [
                0.08543514517810552,
                0.2848605468058236,
                -0.9547540546349533
            ],
            [
                0.022083417207729265,
                -0.9585636907154225,
                -0.28402107936992604
            ]
        ],
        "T": [
            37.166696455737664,
            3.1414626825518663,
            -15.1082662793715
        ]
    },
    "pass2_1392.jpg": {
        "R": [
            [
                -0.9881450130637103,
                0.009089040851530117,
                -0.1532541108542247
            ],
            [
                0.14774569519738892,
                0.3275795091169066,
                -0.9332003400971126
            ],
            [
                0.04172101038997047,
                -0.9447798974063354,
                -0.3250389249750163
            ]
        ],
        "T": [
            38.072751187306686,
            3.834843751753087,
            -12.94840519908779
        ]
    },
    "pass2_1393.jpg": {
        "R": [
            [
                -0.9949818248411522,
                0.006544297204585894,
                -0.0998415765594172
            ],
            [
                0.09727140812422404,
                0.2970364357105211,
                -0.9498987467208916
            ],
            [
                0.023440166324123234,
                -0.9548437191679525,
                -0.2961824278518397
            ]
        ],
        "T": [
            37.27398718834228,
            3.399436833338973,
            -15.554778021718562
        ]
    },
    "pass2_1394.jpg": {
        "R": [
            [
                -0.9943262096098804,
                -0.005315719666569914,
                -0.10624091493993776
            ],
            [
                0.10000423612829104,
                0.2937024025178776,
                -0.9506513827432346
            ],
            [
                0.036256608214857294,
                -0.955882127607611,
                -0.29150440216418927
            ]
        ],
        "T": [
            37.27474251554033,
            3.8302034241691443,
            -15.786683632256644
        ]
    },
    "pass2_1395.jpg": {
        "R": [
            [
                -0.9976843115629914,
                0.00958027684711537,
                -0.06733671180428333
            ],
            [
                0.06697914003297048,
                0.3105023939959043,
                -0.9482099230250948
            ],
            [
                0.011824096647279896,
                -0.9505243193197873,
                -0.3104250458969623
            ]
        ],
        "T": [
            36.65050257856255,
            3.7131043909907406,
            -17.58259419135565
        ]
    },
    "pass2_1396.jpg": {
        "R": [
            [
                -0.9999998056132249,
                -0.0006211532933023684,
                -5.424111857728998e-05
            ],
            [
                -0.00014148178922284213,
                0.31077208101947673,
                -0.9504844520778482
            ],
            [
                0.000607253172937941,
                -0.9504842596421101,
                -0.3107721084913735
            ]
        ],
        "T": [
            35.29655511942756,
            4.1570131751286485,
            -20.415741832609527
        ]
    },
    "pass2_1397.jpg": {
        "R": [
            [
                -0.9963388588939557,
                -0.005807282812963763,
                -0.0852945116887478
            ],
            [
                0.07916968763130565,
                0.31385955270019006,
                -0.9461629572854765
            ],
            [
                0.03226513316651845,
                -0.9494516610366045,
                -0.3122507078239861
            ]
        ],
        "T": [
            36.84244195370033,
            4.488026951089072,
            -17.780320424787227
        ]
    },
    "pass2_1398.jpg": {
        "R": [
            [
                -0.9979199463953158,
                0.000977997960047397,
                -0.06445792508575252
            ],
            [
                0.06195060211626481,
                0.29109731037478814,
                -0.9546855392169699
            ],
            [
                0.017829848114961206,
                -0.956692949390009,
                -0.2905523999275228
            ]
        ],
        "T": [
            36.44123524139883,
            3.8088038086633667,
            -19.09596833272313
        ]
    },
    "pass2_1399.jpg": {
        "R": [
            [
                -0.9993685937759021,
                -0.02481823982831872,
                -0.0254257496683883
            ],
            [
                0.017404158138605266,
                0.2819350855477357,
                -0.9592756135838527
            ],
            [
                0.030975943147254027,
                -0.959112434758832,
                -0.2813251294092354
            ]
        ],
        "T": [
            35.520817773853764,
            4.600714568417624,
            -21.057591278098467
        ]
    },
    "pass2_1400.jpg": {
        "R": [
            [
                -0.9967787001680795,
                -0.035277382617307035,
                -0.0720258923367619
            ],
            [
                0.059557595384685705,
                0.2758732794531966,
                -0.9593470834456802
            ],
            [
                0.05371327324999622,
                -0.9605464278000365,
                -0.27288357282431064
            ]
        ],
        "T": [
            36.379215577569084,
            4.901326853371231,
            -19.905736062558443
        ]
    },
    "pass2_1401.jpg": {
        "R": [
            [
                -0.9982332511481226,
                -0.0006076685116889052,
                -0.059413862365860506
            ],
            [
                0.05677692742768984,
                0.28500134005443534,
                -0.95684409214827
            ],
            [
                0.0175144744174741,
                -0.9585269254987864,
                -0.28446331271312253
            ]
        ],
        "T": [
            36.23177464963677,
            3.9673134016639513,
            -20.802864265881205
        ]
    },
    "pass2_1402.jpg": {
        "R": [
            [
                -0.9997900667871065,
                0.009885971626976789,
                -0.017946863760106787
            ],
            [
                0.02010458328020069,
                0.3043273017204067,
                -0.9523553429044781
            ],
            [
                -0.0039532372762963695,
                -0.9525162261046093,
                -0.3044621666520655
            ]
        ],
        "T": [
            35.390575777725104,
            4.165625593588326,
            -22.695091594545758
        ]
    },
    "pass2_1403.jpg": {
        "R": [
            [
                -0.9996335040174469,
                0.01257817057637066,
                -0.023971801575038344
            ],
            [
                0.02653134827136977,
                0.27921307038192233,
                -0.9598625677079001
            ],
            [
                -0.0053800747861504385,
                -0.9601467861493115,
                -0.27944445573752963
            ]
        ],
        "T": [
            35.561661339595084,
            3.5411783927087366,
            -23.049742643874918
        ]
    },
    "pass2_1404.jpg": {
        "R": [
            [
                -0.9985658844697677,
                0.04476474937543297,
                -0.02936480182914918
            ],
            [
                0.04032994390623415,
                0.2682554740280325,
                -0.9625032448145386
            ],
            [
                -0.03520894769274617,
                -0.9623071847738384,
                -0.269676124517947
            ]
        ],
        "T": [
            35.81588558699225,
            2.2125779067914957,
            -23.38368956442085
        ]
    },
    "pass2_1405.jpg": {
        "R": [
            [
                -0.9982567183159714,
                0.020074598822322876,
                -0.05550256587898128
            ],
            [
                0.0589058209603794,
                0.2800470932557223,
                -0.958177295606614
            ],
            [
                -0.003691692567318102,
                -0.9597763468856396,
                -0.28074140301146355
            ]
        ],
        "T": [
            36.39552964792509,
            3.446788885696338,
            -22.875548253768308
        ]
    },
    "pass2_1406.jpg": {
        "R": [
            [
                -0.9940846066090397,
                0.021289165610191854,
                -0.10650148510970592
            ],
            [
                0.10818413309055773,
                0.2806921484360745,
                -0.9536813467578074
            ],
            [
                0.009591050536598193,
                -0.9595617172615645,
                -0.2813348938820813
            ]
        ],
        "T": [
            37.5497419822693,
            3.491899243989354,
            -21.407580779234877
        ]
    },
    "pass2_1407.jpg": {
        "R": [
            [
                -0.9948050666397238,
                0.010851331124709353,
                -0.10121821970750741
            ],
            [
                0.09991630954591602,
                0.29438606489764085,
                -0.9504491442895863
            ],
            [
                0.019483595013755003,
                -0.9556249752946518,
                -0.2939409738679456
            ]
        ],
        "T": [
            37.398881637886745,
            4.270615680602684,
            -21.947079360583384
        ]
    }
}